-11.8617
-11.789
-11.7162
-11.6434
-11.5706
-11.4979
-11.4251
-11.3523
-11.2796
-11.2068
-11.134
-11.0612
-10.9885
-10.9157
-10.8429
-10.7702
-10.6974
-10.6246
-10.5518
-10.4791
-10.4063
-10.3335
-10.2608
-10.188
-10.1152
-10.0424
-9.96968
-9.89691
-9.82413
-9.75136
-9.67859
-9.60582
-9.53305
-9.46028
-9.38751
-9.31474
-9.24196
-9.16919
-9.09642
-9.02365
-8.95088
-8.87811
-8.80534
-8.73256
-8.65979
-8.58702
-8.51425
-8.44148
-8.36871
-8.29594
-8.22317
-8.15039
-8.07762
-8.00485
-7.93208
-7.85931
-7.78654
-7.71377
-7.641
-7.56822
-7.49545
-7.42268
-7.34991
-7.27714
-7.20437
-7.1316
-7.05882
-6.98605
-6.91328
-6.84051
-6.76774
-6.69497
-6.62219
-6.54942
-6.47665
-6.40388
-6.33111
-6.25834
-6.18557
-6.11279
-6.04002
-5.96725
-5.89448
-5.82171
-5.74894
-5.67617
-5.6034
-5.53062
-5.45785
-5.38508
-5.31231
-5.23954
-5.16677
-5.094
-5.02122
-4.94845
-4.87568
-4.80291
-4.73014
-4.65737
-4.5846
-4.51183
-4.43905
-4.36628
-4.29351
-4.22074
-4.14797
-4.0752
-4.00243
-3.92966
-3.85688
-3.78411
-3.71134
-3.63857
-3.5658
-3.49303
-3.42025
-3.34748
-3.27471
-3.20194
-3.12917
-3.0564
-2.98363
-2.91085
-2.83808
-2.76531
-2.69254
-2.61977
-2.547
-2.47423
-2.40145
-2.32868
-2.25591
-2.18314
-2.11037
-2.0376
-1.96483
-1.89206
-1.81928
-1.74651
-1.67374
-1.60097
-1.5282
-1.45543
-1.38266
-1.30989
-1.23711
-1.16434
-1.09157
-1.0188
-0.946028
-0.873257
-0.800486
-0.727713
-0.654942
-0.58217
-0.509399
-0.436628
-0.363857
-0.291084
-0.218313
-0.145542
-0.0727711
0.0
0.0727711
0.145542
0.218315
0.291086
0.363857
0.436628
0.509399
0.58217
0.654943
0.727715
0.800486
0.873257
0.946028
1.0188
1.09157
1.16434
1.23711
1.30989
1.38266
1.45543
1.5282
1.60097
1.67374
1.74651
1.81928
1.89206
1.96483
2.0376
2.11037
2.18314
2.25591
2.32868
2.40146
2.47423
2.547
2.61977
2.69254
2.76531
2.83808
2.91086
2.98363
3.0564
3.12917
3.20194
3.27471
3.34748
3.42026
3.49302
3.5658
3.63857
3.71134
3.78411
3.85688
3.92966
4.00242
4.0752
4.14797
4.22074
4.29351
4.36628
4.43905
4.51183
4.5846
4.65737
4.73014
4.80291
4.87568
4.94845
5.02123
5.094
5.16677
5.23954
5.31231
5.38508
5.45785
5.53063
5.6034
5.67617
5.74894
5.82171
5.89448
5.96725
6.04003
6.11279
6.18557
6.25834
6.33111
6.40388
6.47665
6.54943
6.62219
6.69497
6.76774
6.84051
6.91328
6.98605
7.05882
7.13159
7.20437
7.27714
7.34991
7.42268
7.49545
7.56822
7.64099
7.71377
7.78654
7.85931
7.93208
8.00485
8.07762
8.1504
8.22317
8.29594
8.36871
8.44148
8.51425
8.58702
8.6598
8.73256
8.80534
8.87811
8.95088
9.02365
9.09642
9.1692
9.24196
9.31474
9.38751
9.46028
9.53305
9.60582
9.67859
9.75136
9.82414
9.89691
