90.9822
91.055
91.1277
91.2005
91.2732
91.346
91.4188
91.4915
91.5643
91.637
91.7098
91.7825
91.8553
91.9281
92.0008
92.0736
92.1463
92.2191
92.2918
92.3646
92.4373
92.5101
92.5829
92.6556
92.7284
92.8011
92.8739
92.9466
93.0194
93.0922
93.1649
93.2377
93.3104
93.3832
93.4559
93.5287
93.6015
93.6742
93.747
93.8197
93.8925
93.9652
94.038
94.1107
94.1835
94.2563
94.329
94.4018
94.4745
94.5473
94.62
94.6928
94.7656
94.8383
94.9111
94.9838
95.0566
95.1293
95.2021
95.2749
95.3476
95.4204
95.4931
95.5659
95.6386
95.7114
95.7842
95.8569
95.9297
96.0024
96.0752
96.1479
96.2207
96.2934
96.3662
96.439
96.5117
96.5845
96.6572
96.73
96.8027
96.8755
96.9483
97.021
97.0938
97.1665
97.2393
97.312
97.3848
97.4576
97.5303
97.6031
97.6758
97.7486
97.8213
97.8941
97.9669
98.0396
98.1124
98.1851
98.2579
98.3306
98.4034
98.4762
98.5489
98.6217
98.6944
98.7672
98.8399
98.9127
98.9855
99.0582
99.131
99.2037
99.2765
99.3492
99.422
99.4947
99.5675
99.6403
99.713
99.7858
99.8585
99.9313
100.004
100.077
100.15
100.222
100.295
100.368
100.441
100.513
100.586
100.659
100.732
100.804
100.877
100.95
101.023
101.095
101.168
101.241
101.314
101.386
101.459
101.532
101.605
101.677
101.75
101.823
101.896
101.968
102.041
102.114
102.187
102.259
102.332
102.405
102.478
102.551
102.623
102.696
102.769
102.842
102.914
102.987
103.06
103.133
103.205
103.278
103.351
103.424
103.496
103.569
103.642
103.715
103.787
103.86
103.933
104.006
104.078
104.151
104.224
104.297
104.369
104.442
104.515
104.588
104.66
104.733
104.806
104.879
104.951
105.024
105.097
105.17
105.243
105.315
105.388
105.461
105.534
105.606
105.679
105.752
105.825
105.897
105.97
106.043
106.116
106.188
106.261
106.334
106.407
106.479
106.552
106.625
106.698
106.77
106.843
106.916
106.989
107.061
107.134
107.207
107.28
107.352
107.425
107.498
107.571
107.643
107.716
107.789
107.862
107.935
108.007
108.08
108.153
108.226
108.298
108.371
108.444
108.517
108.589
108.662
108.735
108.808
108.88
108.953
109.026
109.099
109.171
109.244
109.317
109.39
109.462
109.535
109.608
109.681
109.753
109.826
109.899
109.972
110.044
110.117
110.19
110.263
110.335
110.408
110.481
110.554
110.627
110.699
110.772
110.845
110.918
110.99
111.063
111.136
111.209
111.281
111.354
111.427
111.5
111.572
111.645
111.718
111.791
111.863
111.936
112.009
112.082
112.154
112.227
112.3
112.373
112.445
112.518
112.591
112.664
112.736
